REWARDS=[1.9499999999999997,1.9499999999999997,1.9499999999999997,2.75,1.9499999999999997,1.9499999999999997,1.9499999999999997,1.9499999999999997,1.1000000000000005,1.1000000000000005,1.9499999999999997,1.9499999999999997,1.9499999999999997,1.9499999999999997,1.9499999999999997,1.9499999999999997,1.9499999999999997,1.1000000000000005,1.9499999999999997,1.9499999999999997,1.9499999999999997,1.9499999999999997,1.9499999999999997,1.9499999999999997,1.9499999999999997,1.9499999999999997,1.9499999999999997,1.9499999999999997,2.75,1.9499999999999997,1.9499999999999997,1.1000000000000005,1.9499999999999997,1.1000000000000005,1.9499999999999997,1.9499999999999997,1.9499999999999997,1.2500000000000004,1.9499999999999997,1.9499999999999997,1.9499999999999997,1.9499999999999997,1.9499999999999997,2.75,1.9499999999999997,1.9499999999999997,1.9499999999999997,1.9499999999999997,1.9499999999999997,1.9499999999999997,1.9499999999999997,1.9499999999999997,1.9499999999999997,1.9499999999999997,1.1000000000000005,1.9499999999999997,1.9499999999999997,1.1000000000000005,1.9499999999999997,1.9499999999999997,1.9499999999999997,2.75,1.9499999999999997,1.9499999999999997,1.9499999999999997,1.9499999999999997,1.9499999999999997,2.75,1.1000000000000005,1.9499999999999997,1.9499999999999997,1.9499999999999997,1.9499999999999997,1.1000000000000005,1.9499999999999997,1.9499999999999997,1.9499999999999997,1.9499999999999997,2.75,1.9499999999999997,1.9499999999999997,1.9499999999999997,1.9499999999999997,1.9499999999999997,1.9499999999999997,1.9499999999999997,1.9499999999999997,1.9499999999999997,1.9499999999999997,1.9499999999999997,1.9499999999999997,1.9499999999999997,1.9499999999999997,1.9499999999999997,1.9499999999999997,2.75,1.9499999999999997,1.9499999999999997,1.9499999999999997,1.9499999999999997]
LENGTHS=[20,20,20,20,20,20,20,20,20,20,20,20,20,20,20,20,20,20,20,20,20,20,20,20,20,20,20,20,20,20,20,20,20,20,20,20,20,20,20,20,20,20,20,20,20,20,20,20,20,20,20,20,20,20,20,20,20,20,20,20,20,20,20,20,20,20,20,20,20,20,20,20,20,20,20,20,20,20,20,20,20,20,20,20,20,20,20,20,20,20,20,20,20,20,20,20,20,20,20,20]
CORRECTNESS=[0,0,0,0,0,0,0,0,0,0,0,0,0,0,0,0,0,0,0,0,1,1,1,1,1,1,1,1,1,1,1,1,1,1,1,1,1,1,1,1,0,0,0,0,0,0,0,0,0,0,0,0,0,0,0,0,0,0,0,0,1,1,1,1,1,1,1,1,1,1,1,1,1,1,1,1,1,1,1,1,0,0,0,0,0,0,0,0,0,0,0,0,0,0,0,0,0,0,0,0]
STOCKS=["NVDA","AAPL","TSLA","JPM","XOM"]
STOCK_REWARDS=[0,0,0,0,0]
STOCK_ACCURACY=[0,0,0,0,0]
